124 496 1
124 50 3
124 11 5
124 616 4
124 166 5
124 157 2
124 79 3
124 226 4
124 96 4
124 550 4
124 98 4
124 209 3
124 172 3
124 28 3
124 154 5
124 144 4
124 474 3
124 168 5
124 174 3
124 173 2
124 195 4
124 7 4
124 117 3
124 1 3
124 496 1
124 50 3
124 11 5
124 616 4
124 166 5
124 157 2
124 79 3
124 226 4
124 96 4
124 550 4
124 98 4
124 209 3
124 172 3
124 28 3
124 154 5
124 144 4
124 474 3
124 168 5
124 174 3
124 173 2
124 195 4
124 7 4
124 117 3
124 1 3
124 496 1
124 50 3
124 11 5
124 616 4
124 166 5
124 157 2
124 79 3
124 226 4
124 96 4
124 550 4
124 98 4
124 209 3
124 172 3
124 28 3
124 154 5
124 144 4
124 474 3
124 168 5
124 174 3
124 173 2
124 195 4
124 7 4
124 117 3
124 1 3
124 496 1
124 50 3
124 11 5
124 616 4
124 166 5
124 157 2
124 79 3
124 226 4
124 96 4
124 550 4
124 98 4
124 209 3
124 172 3
124 28 3
124 154 5
124 144 4
124 474 3
124 168 5
124 174 3
124 173 2
124 195 4
124 7 4
124 117 3
124 1 3
