272 178 5
272 1393 2
272 12 5
272 317 4
272 1101 5
272 48 4
272 127 5
272 8 4
272 11 4
272 172 4
272 474 5
272 772 2
272 22 5
272 498 4
272 357 5
272 483 5
272 521 5
272 201 3
272 469 5
272 288 4
272 79 5
272 211 5
272 746 3
272 514 5
272 193 4
272 98 4
272 210 5
272 50 4
272 23 5
272 96 5
272 42 4
272 205 5
272 183 4
272 604 4
272 423 4
272 175 5
272 654 5
272 238 5
272 204 4
272 200 5
272 651 4
272 208 4
272 234 4
272 133 1
272 194 5
272 174 5
272 56 5
272 32 4
272 134 5
272 69 4
272 187 5
272 178 5
272 1393 2
272 12 5
272 317 4
272 1101 5
272 48 4
272 127 5
272 8 4
272 11 4
272 172 4
272 474 5
272 772 2
272 22 5
272 498 4
272 357 5
272 483 5
272 521 5
272 201 3
272 469 5
272 288 4
272 79 5
272 211 5
272 746 3
272 514 5
272 193 4
272 98 4
272 210 5
272 50 4
272 23 5
272 96 5
272 42 4
272 205 5
272 183 4
272 604 4
272 423 4
272 175 5
272 654 5
272 238 5
272 204 4
272 200 5
272 651 4
272 208 4
272 234 4
272 133 1
272 194 5
272 174 5
272 56 5
272 32 4
272 134 5
272 69 4
272 187 5
272 178 5
272 1393 2
272 12 5
272 317 4
272 1101 5
272 48 4
272 127 5
272 8 4
272 11 4
272 172 4
272 474 5
272 772 2
272 22 5
272 498 4
272 357 5
272 483 5
272 521 5
272 201 3
272 469 5
272 288 4
272 79 5
272 211 5
272 746 3
272 514 5
272 193 4
272 98 4
272 210 5
272 50 4
272 23 5
272 96 5
272 42 4
272 205 5
272 183 4
272 604 4
272 423 4
272 175 5
272 654 5
272 238 5
272 204 4
272 200 5
272 651 4
272 208 4
272 234 4
272 133 1
272 194 5
272 174 5
272 56 5
272 32 4
272 134 5
272 69 4
272 187 5
272 178 5
272 1393 2
272 12 5
272 317 4
272 1101 5
272 48 4
272 127 5
272 8 4
272 11 4
272 172 4
272 474 5
272 772 2
272 22 5
272 498 4
272 357 5
272 483 5
272 521 5
272 201 3
272 469 5
272 288 4
272 79 5
272 211 5
272 746 3
272 514 5
272 193 4
272 98 4
272 210 5
272 50 4
272 23 5
272 96 5
272 42 4
272 205 5
272 183 4
272 604 4
272 423 4
272 175 5
272 654 5
272 238 5
272 204 4
272 200 5
272 651 4
272 208 4
272 234 4
272 133 1
272 194 5
272 174 5
272 56 5
272 32 4
272 134 5
272 69 4
272 187 5
