1 9.055385138137417
2 20.639767440550294
3 10.198039027185569
4 9.055385138137417
5 5.0990195135927845
6 15.0
7 30.0
8 18.24828759089466
9 4.0
10 21.93171219946131
11 7.874007874011811
12 7.14142842854285
13 20.518284528683193
14 12.041594578792296
15 21.95449840010015
16 17.69180601295413
17 5.0
18 5.477225575051661
19 10.63014581273465
20 13.490737563232042
21 7.280109889280518
22 8.246211251235321
23 17.291616465790582
24 20.83266665599966
25 15.231546211727817
26 21.2602916254693
27 10.677078252031311
28 2.23606797749979
29 8.94427190999916
30 26.0
31 19.235384061671343
32 5.0990195135927845
33 10.0
34 18.708286933869708
35 16.431676725154983
36 14.035668847618199
37 10.0
38 7.14142842854285
39 15.264337522473747
40 5.0990195135927845
41 14.0
42 18.24828759089466
43 9.0
44 7.0710678118654755
45 5.656854249492381
46 9.273618495495704
47 21.18962010041709
48 21.633307652783937
49 10.04987562112089
50 12.165525060596439
51 15.811388300841896
52 15.033296378372908
53 8.06225774829855
54 16.278820596099706
55 5.656854249492381
56 11.313708498984761
57 18.027756377319946
58 7.211102550927978
59 21.93171219946131
60 20.248456731316587
61 14.317821063276353
62 19.0
63 7.280109889280518
64 15.033296378372908
65 23.45207879911715
66 10.0
67 16.0
68 14.0
69 16.64331697709324
70 15.231546211727817
71 6.082762530298219
72 23.45207879911715
73 9.0
74 6.082762530298219
75 15.811388300841896
76 13.0
77 3.1622776601683795
78 19.313207915827967
79 19.0
80 18.05547008526779
81 12.0
82 17.46424919657298
83 8.602325267042627
84 12.041594578792296
85 23.430749027719962
86 19.313207915827967
87 22.80350850198276
88 17.916472867168917
89 20.615528128088304
90 30.886890422961002
91 23.08679276123039
92 13.038404810405298
93 19.209372712298546
94 7.0
95 18.110770276274835
96 18.81488772222678
97 19.72308292331602
98 20.024984394500787
99 13.0
100 12.36931687685298
101 18.0
102 6.4031242374328485
103 7.0
104 6.0
105 16.64331697709324
106 28.160255680657446
107 6.082762530298219
108 18.601075237738275
109 6.4031242374328485
110 14.0
111 27.784887978899608
112 3.605551275463989
113 18.439088914585774
114 7.211102550927978
115 14.142135623730951
116 13.038404810405298
117 13.0
118 21.633307652783937
119 4.123105625617661
120 14.89966442575134
121 22.47220505424423
122 2.449489742783178
123 22.693611435820433
124 1.0
125 9.486832980505138
126 10.344080432788601
127 6.0
128 11.445523142259598
129 7.681145747868608
130 14.317821063276353
131 31.63858403911275
132 10.295630140987
133 24.413111231467404
134 4.47213595499958
135 10.0
136 18.681541692269406
137 22.67156809750927
138 20.615528128088304
139 13.0
140 3.1622776601683795
141 16.492422502470642
142 20.615528128088304
143 9.055385138137417
144 20.396078054371138
145 13.152946437965905
146 20.808652046684813
147 10.677078252031311
148 14.0
149 7.3484692283495345
150 21.42428528562855
151 18.708286933869708
152 15.033296378372908
153 8.0
154 8.0
155 5.196152422706632
156 17.0
157 27.784887978899608
158 22.67156809750927
159 10.04987562112089
160 7.211102550927978
161 19.235384061671343
162 18.788294228055936
163 24.08318915758459
164 17.804493814764857
165 13.96424004376894
166 20.518284528683193
167 6.4031242374328485
168 15.811388300841896
169 19.672315572906
170 22.847319317591726
171 21.236760581595302
172 23.08679276123039
173 23.53720459187964
174 18.275666882497067
175 7.14142842854285
176 5.0990195135927845
177 13.601470508735444
178 8.602325267042627
179 22.20360331117452
180 21.118712081942874
181 13.892443989449804
182 5.0
183 1.0
184 8.94427190999916
185 21.563858652847824
186 13.45362404707371
187 16.55294535724685
188 9.0
189 17.029386365926403
190 18.24828759089466
191 18.0
192 17.4928556845359
193 4.0
194 18.681541692269406
195 9.055385138137417
196 16.1245154965971
197 22.02271554554524
198 12.041594578792296
199 3.605551275463989
200 8.06225774829855
201 6.324555320336759
202 17.029386365926403
203 8.06225774829855
204 20.639767440550294
205 16.64331697709324
206 19.026297590440446
207 9.219544457292887
208 17.204650534085253
209 15.033296378372908
210 15.231546211727817
211 33.06055050963308
212 21.95449840010015
213 12.0
214 10.677078252031311
215 4.47213595499958
216 17.804493814764857
217 12.083045973594572
218 18.439088914585774
219 4.123105625617661
220 8.54400374531753
221 14.0
222 5.656854249492381
223 14.035668847618199
224 15.165750888103101
225 25.475478405713993
226 5.0
227 17.69180601295413
228 12.041594578792296
229 9.0
230 5.0990195135927845
231 17.0
232 12.041594578792296
233 14.866068747318506
234 27.16615541441225
235 15.524174696260024
236 11.224972160321824
237 24.08318915758459
238 20.149441679609886
239 18.027756377319946
240 18.05547008526779
241 7.0710678118654755
242 15.0
243 15.0
244 5.0990195135927845
245 11.0
246 14.0
247 14.866068747318506
248 8.0
249 8.0
250 12.649110640673518
251 16.76305461424021
252 16.64331697709324
253 10.677078252031311
254 18.601075237738275
255 16.401219466856727
256 6.4031242374328485
257 16.0
258 14.035668847618199
259 12.0
260 18.411952639521967
261 18.681541692269406
262 14.035668847618199
263 8.94427190999916
264 3.7416573867739413
265 13.892443989449804
266 34.14674215792775
267 17.204650534085253
268 16.64331697709324
269 8.306623862918075
270 15.033296378372908
271 22.80350850198276
272 1.0
273 17.74823934929885
274 13.038404810405298
275 14.866068747318506
276 12.0
277 18.138357147217054
278 9.0
279 4.0
280 8.602325267042627
281 18.027756377319946
282 21.095023109728988
283 6.4031242374328485
284 13.892443989449804
285 8.94427190999916
286 6.0
287 12.165525060596439
288 7.0710678118654755
289 22.80350850198276
290 15.652475842498529
291 14.0
292 4.58257569495584
293 9.219544457292887
294 1.4142135623730951
295 15.132745950421556
296 20.615528128088304
297 15.556349186104045
298 16.278820596099706
299 16.492422502470642
300 8.12403840463596
301 9.0
302 17.4928556845359
303 14.0
304 11.045361017187261
305 10.770329614269007
306 13.0
307 8.0
308 27.16615541441225
309 7.0710678118654755
310 15.524174696260024
311 1.4142135623730951
312 15.811388300841896
313 10.63014581273465
314 13.038404810405298
315 15.132745950421556
316 11.224972160321824
317 21.095023109728988
318 32.14031735997639
319 6.4031242374328485
320 14.0
321 21.95449840010015
322 13.0
323 12.0
324 12.041594578792296
325 15.033296378372908
326 19.697715603592208
327 11.0
328 25.45584412271571
329 21.213203435596427
330 15.165750888103101
331 13.0
332 13.0
333 14.866068747318506
334 8.06225774829855
335 16.97056274847714
336 10.198039027185569
337 4.123105625617661
338 10.04987562112089
339 9.219544457292887
340 19.1049731745428
341 16.0312195418814
342 9.486832980505138
343 17.204650534085253
344 8.602325267042627
345 9.486832980505138
346 5.0990195135927845
347 15.0
348 9.055385138137417
349 35.12833614050059
350 1.0
351 31.76476034853718
352 5.744562646538029
353 8.06225774829855
354 9.0
355 8.0
356 10.099504938362077
357 13.892443989449804
358 16.55294535724685
359 11.0
360 18.681541692269406
361 11.0
362 10.246950765959598
363 13.0
364 33.1058907144937
365 9.848857801796104
366 13.038404810405298
367 16.0
368 15.0
369 9.0
370 19.1049731745428
371 14.317821063276353
372 8.06225774829855
373 10.344080432788601
374 12.36931687685298
375 20.615528128088304
376 7.14142842854285
377 11.0
378 2.0
379 11.704699910719626
380 14.035668847618199
381 17.0
382 18.439088914585774
383 20.12461179749811
384 19.4164878389476
385 3.605551275463989
386 3.605551275463989
387 13.0
388 5.385164807134504
389 11.224972160321824
390 9.273618495495704
391 10.0
392 19.1049731745428
393 14.0
394 19.697715603592208
395 11.180339887498949
396 27.784887978899608
397 16.0
398 8.602325267042627
399 9.433981132056603
400 18.027756377319946
401 17.05872210923198
402 14.317821063276353
403 6.4031242374328485
404 5.744562646538029
405 15.588457268119896
406 24.20743687382041
407 14.560219778561036
408 10.0
409 23.430749027719962
410 17.291616465790582
411 15.033296378372908
412 17.0
413 26.627053911388696
414 9.848857801796104
415 16.15549442140351
416 13.038404810405298
417 7.874007874011811
418 22.825424421026653
419 9.848857801796104
420 25.0
421 6.48074069840786
422 14.7648230602334
423 31.400636936215164
424 7.681145747868608
425 14.0
426 26.627053911388696
427 24.08318915758459
428 5.0
429 6.0
430 5.0990195135927845
431 11.40175425099138
432 17.029386365926403
433 18.027756377319946
434 17.029386365926403
435 16.64331697709324
436 18.275666882497067
437 7.874007874011811
438 25.475478405713993
439 20.615528128088304
440 5.830951894845301
441 17.029386365926403
442 11.0
443 2.8284271247461903
444 20.149441679609886
445 12.165525060596439
446 28.30194339616981
447 18.24828759089466
448 16.401219466856727
449 12.806248474865697
450 15.165750888103101
451 17.0
452 18.110770276274835
453 15.0
454 24.515301344262525
455 23.430749027719962
456 9.055385138137417
457 2.23606797749979
458 14.035668847618199
459 11.0
460 12.12435565298214
461 18.0
462 14.035668847618199
463 18.627936010197157
464 27.073972741361768
465 5.0990195135927845
466 11.0
467 14.560219778561036
468 14.866068747318506
469 30.886890422961002
470 9.848857801796104
471 23.0
472 9.0
473 4.0
474 21.633307652783937
475 5.0
476 5.0
477 10.04987562112089
478 6.4031242374328485
479 15.297058540778355
480 24.186773244895647
481 40.11234224026316
482 15.033296378372908
483 4.123105625617661
484 6.0
485 18.627936010197157
486 16.15549442140351
487 17.804493814764857
488 15.033296378372908
489 22.561028345356956
490 17.4928556845359
491 10.246950765959598
492 28.30194339616981
493 17.804493814764857
494 18.708286933869708
495 14.560219778561036
496 12.041594578792296
497 13.0
498 7.280109889280518
499 9.848857801796104
500 18.681541692269406
501 11.0
502 11.0
503 17.146428199482248
504 7.3484692283495345
505 7.874007874011811
506 13.601470508735444
507 15.165750888103101
508 9.219544457292887
509 20.591260281974
510 5.0990195135927845
511 11.0
512 6.4031242374328485
513 20.591260281974
514 7.211102550927978
515 21.18962010041709
516 21.563858652847824
517 9.0
518 16.15549442140351
519 12.083045973594572
520 31.016124838541646
521 14.0
522 14.317821063276353
523 24.779023386727733
524 27.459060435491963
525 19.0
526 7.615773105863909
527 8.0
528 15.0
529 22.825424421026653
530 14.560219778561036
531 3.7416573867739413
532 13.0
533 12.806248474865697
534 13.0
535 19.235384061671343
536 14.866068747318506
537 14.317821063276353
538 2.23606797749979
539 26.92582403567252
540 14.866068747318506
541 14.035668847618199
542 12.0
543 1.0
544 12.12435565298214
545 6.082762530298219
546 12.36931687685298
547 22.67156809750927
548 18.110770276274835
549 9.055385138137417
550 17.029386365926403
551 8.94427190999916
552 13.0
553 29.154759474226502
554 1.4142135623730951
555 15.556349186104045
556 15.165750888103101
557 3.7416573867739413
558 23.108440016582687
559 37.94733192202055
560 1.0
561 17.204650534085253
562 27.676705006196094
563 10.04987562112089
564 32.14031735997639
565 7.0
566 13.0
567 15.811388300841896
568 16.15549442140351
569 15.033296378372908
570 16.55294535724685
571 17.029386365926403
572 23.430749027719962
573 35.12833614050059
574 27.459060435491963
575 7.0
576 19.209372712298546
577 3.1622776601683795
578 18.110770276274835
579 15.033296378372908
580 17.0
581 6.4031242374328485
582 16.0
583 17.804493814764857
584 8.0
585 36.87817782917155
586 13.0
587 8.602325267042627
588 15.033296378372908
589 15.0
590 22.67156809750927
591 25.317977802344327
592 15.0
593 15.165750888103101
594 19.849433241279208
595 8.94427190999916
596 21.400934559032695
597 11.180339887498949
598 9.9498743710662
599 11.045361017187261
600 4.123105625617661
601 22.045407685048602
602 14.89966442575134
603 12.649110640673518
604 16.15549442140351
605 14.0
606 6.4031242374328485
607 19.44222209522358
608 12.083045973594572
609 20.024984394500787
610 11.0
611 15.264337522473747
612 15.297058540778355
613 8.12403840463596
614 25.80697580112788
615 15.811388300841896
616 22.02271554554524
617 6.4031242374328485
618 18.027756377319946
619 16.0
620 15.165750888103101
621 16.0
622 8.94427190999916
623 22.693611435820433
624 14.0
625 7.211102550927978
626 10.04987562112089
627 16.64331697709324
628 20.8806130178211
629 13.96424004376894
630 13.076696830622021
631 15.033296378372908
632 15.0
633 4.47213595499958
634 15.231546211727817
635 12.083045973594572
636 20.518284528683193
637 5.830951894845301
638 18.439088914585774
639 12.083045973594572
640 13.0
641 9.0
642 15.033296378372908
643 6.082762530298219
644 18.24828759089466
645 7.211102550927978
646 16.0312195418814
647 16.55294535724685
648 17.204650534085253
649 13.0
650 16.64331697709324
651 32.14031735997639
652 5.385164807134504
653 12.165525060596439
654 6.082762530298219
655 20.273134932713294
656 21.213203435596427
657 9.273618495495704
658 4.0
659 15.132745950421556
660 7.0
661 6.4031242374328485
662 23.40939982143925
663 8.602325267042627
664 14.317821063276353
665 19.697715603592208
666 21.095023109728988
667 8.246211251235321
668 4.58257569495584
669 6.4031242374328485
670 3.1622776601683795
671 12.649110640673518
672 27.676705006196094
673 23.430749027719962
674 20.024984394500787
675 5.0990195135927845
676 5.0
677 13.92838827718412
678 22.67156809750927
679 13.038404810405298
680 9.0
681 13.076696830622021
682 10.770329614269007
683 12.041594578792296
684 5.0
685 8.12403840463596
686 15.033296378372908
687 11.224972160321824
688 18.466185312619388
689 9.433981132056603
690 2.8284271247461903
691 15.033296378372908
692 14.035668847618199
693 14.89966442575134
694 27.294688127912362
695 7.280109889280518
696 22.561028345356956
697 9.433981132056603
698 6.48074069840786
699 12.083045973594572
700 16.0
701 19.72308292331602
702 6.4031242374328485
703 16.55294535724685
704 19.72308292331602
705 12.041594578792296
706 10.0
707 24.372115213907882
708 12.24744871391589
709 13.0
710 14.0
711 11.045361017187261
712 11.045361017187261
713 10.344080432788601
714 15.652475842498529
715 12.041594578792296
716 18.275666882497067
717 9.055385138137417
718 9.055385138137417
719 6.48074069840786
720 24.1039415863879
721 15.84297951775486
722 19.748417658131498
723 13.892443989449804
724 12.165525060596439
725 12.0
726 19.72308292331602
727 8.0
728 27.730849247724095
729 14.0
730 2.449489742783178
731 17.029386365926403
732 7.14142842854285
733 12.12435565298214
734 9.486832980505138
735 11.74734012447073
736 15.165750888103101
737 5.0
738 2.23606797749979
739 2.23606797749979
740 17.029386365926403
741 8.246211251235321
742 2.0
743 4.47213595499958
744 7.280109889280518
745 9.219544457292887
746 16.1245154965971
747 14.866068747318506
748 18.681541692269406
749 5.0
750 18.681541692269406
751 10.344080432788601
752 27.16615541441225
753 23.08679276123039
754 27.2213151776324
755 18.627936010197157
756 6.782329983125268
757 7.0
758 6.0
759 13.038404810405298
760 5.477225575051661
761 16.0
762 18.027756377319946
763 6.082762530298219
764 16.186414056238647
765 2.0
766 10.295630140987
767 39.56008088970496
768 18.439088914585774
769 13.416407864998739
770 5.0
771 7.0
772 17.11724276862369
773 13.0
774 3.0
775 17.69180601295413
776 8.54400374531753
777 30.265491900843113
778 1.0
779 2.0
780 16.492422502470642
781 13.0
782 20.83266665599966
783 7.615773105863909
784 22.80350850198276
785 14.035668847618199
786 14.352700094407323
787 15.033296378372908
788 25.45584412271571
789 6.4031242374328485
790 6.082762530298219
791 15.132745950421556
792 8.06225774829855
793 11.0
794 15.033296378372908
795 5.0
796 2.449489742783178
797 12.12435565298214
798 7.3484692283495345
799 24.1039415863879
800 8.94427190999916
801 11.180339887498949
802 18.110770276274835
803 41.14608122288197
804 16.15549442140351
805 7.874007874011811
806 9.219544457292887
807 13.638181696985855
808 12.165525060596439
809 18.411952639521967
810 22.58317958127243
811 16.583123951777
812 11.045361017187261
813 19.026297590440446
814 5.830951894845301
815 5.0990195135927845
816 5.0990195135927845
817 14.0
818 9.433981132056603
819 31.622776601683793
820 11.0
821 14.560219778561036
822 9.0
823 18.027756377319946
824 5.385164807134504
825 17.804493814764857
826 17.72004514666935
827 17.233687939614086
828 9.433981132056603
829 15.132745950421556
830 13.601470508735444
831 13.0
832 9.055385138137417
833 2.23606797749979
834 8.602325267042627
835 16.30950643030009
836 20.248456731316587
837 17.291616465790582
838 10.0
839 13.96424004376894
840 18.027756377319946
841 20.0
842 7.280109889280518
843 8.246211251235321
844 17.804493814764857
845 34.88552708502482
846 10.816653826391969
847 4.0
848 19.1049731745428
849 18.027756377319946
850 1.4142135623730951
851 15.811388300841896
852 22.20360331117452
853 16.1245154965971
854 4.123105625617661
855 21.540659228538015
856 12.24744871391589
857 18.138357147217054
858 33.54101966249684
859 15.84297951775486
860 37.134889255254286
861 5.0990195135927845
862 14.422205101855956
863 16.0
864 7.211102550927978
865 18.788294228055936
866 13.0
867 9.055385138137417
868 12.649110640673518
869 3.0
870 11.0
871 12.165525060596439
872 14.035668847618199
873 23.45207879911715
874 3.1622776601683795
875 9.055385138137417
876 9.433981132056603
877 5.830951894845301
878 22.693611435820433
879 18.027756377319946
880 20.0
881 9.219544457292887
882 14.142135623730951
883 17.88854381999832
884 17.804493814764857
885 5.916079783099616
886 13.0
887 19.026297590440446
888 8.06225774829855
889 9.055385138137417
890 1.0
891 25.475478405713993
892 5.830951894845301
893 8.0
894 20.518284528683193
895 8.306623862918075
896 5.385164807134504
897 5.830951894845301
898 14.142135623730951
899 5.0990195135927845
900 27.16615541441225
901 13.0
902 20.83266665599966
903 15.811388300841896
904 16.0312195418814
905 7.810249675906654
906 14.422205101855956
907 9.486832980505138
908 13.638181696985855
909 22.693611435820433
910 12.083045973594572
911 4.58257569495584
912 18.681541692269406
913 6.0
914 12.12435565298214
915 21.400934559032695
916 15.231546211727817
917 11.045361017187261
918 7.0710678118654755
919 9.433981132056603
920 17.291616465790582
921 13.038404810405298
922 18.466185312619388
923 12.0
924 6.4031242374328485
925 15.165750888103101
926 20.615528128088304
927 10.770329614269007
928 12.0
929 11.045361017187261
930 5.196152422706632
931 30.886890422961002
932 29.154759474226502
933 5.0
934 31.304951684997057
935 18.35755975068582
936 10.295630140987
937 21.213203435596427
938 5.196152422706632
939 7.0710678118654755
940 18.027756377319946
941 13.0
942 17.029386365926403
943 11.0
